country,year,bottom_50,top_1,gap,bottom_income_mean,top_income_mean,multiple
canada,1820,0.12,0.175,0.05499999999999999,27857,2031280,72.9
canada,1850,0.1289,0.117,-0.01189999999999998,29923,1358056,45.300000000000004
canada,1880,0.1262,0.12,-0.006200000000000011,29296,1392878,47.5
canada,1900,0.1241,0.12,-0.004100000000000006,28809,1392878,48.300000000000004
canada,1910,0.12,0.122,0.0020000000000000018,27857,1416093,50.800000000000004
canada,1920,0.1985,0.1041,-0.09440000000000001,46081,1208321,26.200000000000003
canada,1921,0.1634,0.1375,-0.02589999999999998,37932,1596006,42.0
canada,1922,0.1911,0.1131,-0.07799999999999999,44363,1312787,29.5
canada,1923,0.2081,0.1043,-0.1038,48309,1210643,25.0
canada,1924,0.2061,0.1054,-0.10070000000000001,47845,1223411,25.5
canada,1925,0.2094,0.0953,-0.11410000000000001,48611,1106177,22.700000000000003
canada,1926,0.208,0.1011,-0.1069,48286,1173500,24.3
canada,1927,0.2063,0.106,-0.10030000000000001,47891,1230375,25.6
canada,1928,0.2037,0.1112,-0.0925,47288,1290733,27.200000000000003
canada,1929,0.2024,0.1138,-0.0886,46986,1320912,28.1
canada,1930,0.1981,0.1178,-0.0803,45988,1367342,29.700000000000003
canada,1931,0.1842,0.1252,-0.059,42761,1453236,33.9
canada,1932,0.1689,0.1364,-0.0325,39209,1583238,40.300000000000004
canada,1933,0.1623,0.1411,-0.021199999999999997,37677,1637792,43.400000000000006
canada,1934,0.1623,0.1411,-0.021199999999999997,37677,1637792,43.400000000000006
canada,1935,0.1751,0.1299,-0.04520000000000002,40648,1507790,37.0
canada,1936,0.1751,0.1299,-0.04520000000000002,40648,1507790,37.0
canada,1937,0.1855,0.1224,-0.0631,43063,1420735,32.9
canada,1938,0.1685,0.1427,-0.025800000000000017,39116,1656364,42.300000000000004
canada,1939,0.1792,0.1284,-0.05080000000000001,41600,1490379,35.800000000000004
canada,1940,0.1929,0.11,-0.08289999999999999,44781,1276805,28.5
canada,1941,0.2052,0.0972,-0.108,47636,1128231,23.6
canada,1942,0.2203,0.081,-0.13929999999999998,51141,940192,18.3
canada,1943,0.2214,0.0769,-0.14450000000000002,51397,892602,17.3
canada,1944,0.2257,0.0715,-0.1542,52395,829923,15.8
canada,1945,0.2259,0.0727,-0.1532,52441,843852,16.0
canada,1946,0.2246,0.0771,-0.1475,52140,894924,17.1
canada,1947,0.224,0.0791,-0.1449,52000,918138,17.6
canada,1948,0.2276,0.0745,-0.1531,52836,864745,16.3
canada,1949,0.2239,0.0773,-0.1466,51977,897245,17.2
canada,1950,0.2239,0.0785,-0.14539999999999997,51977,911174,17.5
canada,1951,0.2287,0.0717,-0.15699999999999997,53091,832244,15.600000000000001
canada,1952,0.2288,0.0706,-0.1582,53115,819476,15.4
canada,1953,0.2261,0.0711,-0.155,52488,825280,15.700000000000001
canada,1954,0.223,0.0749,-0.1481,51768,869388,16.7
canada,1955,0.224,0.0734,-0.1506,52000,851977,16.3
canada,1956,0.2265,0.0693,-0.1572,52581,804387,15.200000000000001
canada,1957,0.2247,0.0699,-0.1548,52163,811351,15.5
canada,1958,0.2236,0.0716,-0.152,51907,831084,16.0
canada,1959,0.2235,0.0707,-0.1528,51884,820637,15.8
canada,1960,0.2223,0.0715,-0.1508,51606,829923,16.0
canada,1961,0.2208,0.0727,-0.1481,51257,843852,16.400000000000002
canada,1962,0.2245,0.0687,-0.1558,52116,797422,15.3
canada,1963,0.2255,0.0669,-0.15860000000000002,52349,776529,14.8
canada,1964,0.2246,0.0687,-0.15589999999999998,52140,797422,15.200000000000001
canada,1965,0.2265,0.0671,-0.1594,52581,778851,14.8
canada,1966,0.2279,0.0648,-0.1631,52906,752154,14.200000000000001
canada,1967,0.2267,0.0658,-0.16090000000000002,52627,763761,14.5
canada,1968,0.2261,0.066,-0.1601,52488,766083,14.5
canada,1969,0.2259,0.066,-0.1599,52441,766083,14.600000000000001
canada,1970,0.2245,0.0662,-0.1583,52116,768404,14.700000000000001
canada,1971,0.2249,0.0649,-0.15999999999999998,52209,753315,14.4
canada,1972,0.2251,0.0646,-0.16049999999999998,52256,749832,14.3
canada,1973,0.2254,0.0667,-0.1587,52325,774208,14.700000000000001
canada,1974,0.2246,0.0668,-0.1578,52140,775368,14.8
canada,1975,0.2207,0.0742,-0.14650000000000002,51234,861263,16.8
canada,1976,0.2229,0.0684,-0.15449999999999997,51745,793940,15.3
canada,1977,0.2247,0.0653,-0.15940000000000001,52163,757957,14.5
canada,1978,0.2238,0.067,-0.1568,51954,777690,14.9
canada,1979,0.223,0.0716,-0.1514,51768,831084,16.0
canada,1980,0.2197,0.076,-0.1437,51002,882156,17.2
canada,1981,0.2239,0.0708,-0.15309999999999999,51977,821798,15.8
canada,1982,0.2245,0.0701,-0.1544,52116,813673,15.600000000000001
canada,1983,0.2214,0.0739,-0.14750000000000002,51397,857780,16.6
canada,1984,0.2217,0.0773,-0.14440000000000003,51466,897245,17.400000000000002
canada,1985,0.2196,0.0766,-0.143,50979,889120,17.400000000000002
canada,1986,0.2111,0.0781,-0.133,49006,906531,18.400000000000002
canada,1987,0.2107,0.0806,-0.1301,48913,935549,19.1
canada,1988,0.2093,0.0887,-0.12060000000000001,48588,1029569,21.1
canada,1989,0.2036,0.0948,-0.10880000000000001,47265,1100373,23.200000000000003
canada,1990,0.1986,0.0927,-0.1059,46104,1075998,23.3
canada,1991,0.1919,0.0915,-0.10039999999999999,44548,1062069,23.8
canada,1992,0.1899,0.0919,-0.09800000000000002,44084,1066712,24.1
canada,1993,0.1833,0.0957,-0.0876,42552,1110820,26.1
canada,1994,0.1821,0.0961,-0.08600000000000001,42273,1115463,26.3
canada,1995,0.1771,0.0988,-0.07830000000000001,41113,1146803,27.8
canada,1996,0.1752,0.1039,-0.07129999999999999,40672,1206000,29.6
canada,1997,0.1729,0.1113,-0.0616,40138,1291894,32.1
canada,1998,0.1721,0.1127,-0.05940000000000001,39952,1308144,32.7
canada,1999,0.1738,0.1183,-0.05550000000000001,40347,1373145,34.0
canada,2000,0.1702,0.1269,-0.04329999999999998,39511,1472968,37.2
canada,2001,0.1737,0.1271,-0.0466,40323,1475290,36.5
canada,2002,0.1724,0.1279,-0.044499999999999984,40022,1484576,37.0
canada,2003,0.1713,0.1306,-0.040700000000000014,39766,1515915,38.1
canada,2004,0.1701,0.1359,-0.03420000000000001,39488,1577434,39.900000000000006
canada,2005,0.1695,0.1402,-0.02930000000000002,39348,1627346,41.300000000000004
canada,2006,0.1675,0.1421,-0.025400000000000006,38884,1649400,42.400000000000006
canada,2007,0.1675,0.1421,-0.025400000000000006,38884,1649400,42.400000000000006
canada,2008,0.1703,0.1347,-0.03560000000000002,39534,1563505,39.5
canada,2009,0.1723,0.1186,-0.05370000000000001,39998,1376628,34.4
canada,2010,0.1705,0.1235,-0.047000000000000014,39580,1433503,36.2
canada,2011,0.1707,0.1228,-0.047899999999999984,39627,1425378,35.9
canada,2012,0.1721,0.1162,-0.055900000000000005,39952,1348770,33.7
canada,2013,0.1716,0.1161,-0.05550000000000001,39836,1347609,33.800000000000004
canada,2014,0.1735,0.1144,-0.059099999999999986,40277,1327877,32.9
canada,2015,0.1734,0.1149,-0.058499999999999996,40254,1333681,33.1
canada,2016,0.178,0.099,-0.07899999999999999,41322,1149124,27.8
canada,2017,0.1762,0.1053,-0.07089999999999999,40904,1222250,29.8
canada,2018,0.1785,0.1053,-0.07319999999999999,41438,1222250,29.400000000000002
canada,2019,0.1791,0.1039,-0.0752,41577,1206000,29.0
canada,2020,0.1691,0.1059,-0.0632,39255,1229215,31.3
canada,2021,0.1743,0.1162,-0.05810000000000001,40463,1348770,33.300000000000004
canada,2022,0.1743,0.1162,-0.05810000000000001,40463,1348770,33.300000000000004
canada,2023,0.1743,0.1162,-0.05810000000000001,40463,1348770,33.300000000000004
china,1820,0.187,0.16,-0.026999999999999996,43411,1857171,42.7
china,1850,0.1827,0.1718,-0.010899999999999993,42413,1994137,47.0
china,1880,0.1731,0.1719,-0.0012000000000000066,40184,1995298,49.6
china,1900,0.1721,0.1739,0.001799999999999996,39952,2018512,50.5
china,1910,0.1349,0.2417,0.1068,31316,2805489,89.5
china,1920,0.1558,0.2178,0.062,36168,2528074,69.8
china,1930,0.1637,0.1984,0.03469999999999998,38002,2302892,60.5
china,1940,0.1791,0.1817,0.002599999999999991,41577,2109050,50.7
china,1950,0.254,0.05,-0.20400000000000001,58965,580365,9.8
china,1960,0.254,0.05,-0.20400000000000001,58965,580365,9.8
china,1970,0.254,0.05,-0.20400000000000001,58965,580365,9.8
china,1978,0.2517,0.065,-0.18669999999999998,58431,754475,12.9
china,1979,0.251,0.0652,-0.18580000000000002,58268,756797,12.9
china,1980,0.2498,0.0657,-0.18409999999999999,57990,762600,13.100000000000001
china,1981,0.2471,0.0686,-0.1785,57363,796262,13.8
china,1982,0.2419,0.0709,-0.17099999999999999,56156,822958,14.600000000000001
china,1983,0.2445,0.0727,-0.1718,56759,843852,14.8
china,1984,0.2418,0.0761,-0.1657,56132,883317,15.700000000000001
china,1985,0.2384,0.0817,-0.1567,55343,948318,17.1
china,1986,0.2252,0.0811,-0.1441,52279,941353,18.0
china,1987,0.2207,0.08,-0.1407,51234,928585,18.1
china,1988,0.2188,0.0813,-0.1375,50793,943675,18.5
china,1989,0.2126,0.0833,-0.12930000000000003,49354,966889,19.5
china,1990,0.2146,0.0821,-0.1325,49818,952960,19.1
china,1991,0.2027,0.0842,-0.1185,47056,977336,20.700000000000003
china,1992,0.1939,0.0885,-0.1054,45013,1027247,22.8
china,1993,0.1849,0.0929,-0.09200000000000001,42923,1078320,25.1
china,1994,0.1811,0.0954,-0.08570000000000001,42041,1107338,26.3
china,1995,0.1849,0.0938,-0.09110000000000001,42923,1088766,25.3
china,1996,0.1906,0.0965,-0.09409999999999999,44247,1120106,25.3
china,1997,0.1909,0.0965,-0.09439999999999998,44316,1120106,25.200000000000003
china,1998,0.1915,0.0994,-0.0921,44456,1153767,25.900000000000002
china,1999,0.185,0.1002,-0.0848,42947,1163053,27.0
china,2000,0.1737,0.1046,-0.0691,40323,1214125,30.1
china,2001,0.1681,0.1096,-0.058499999999999996,39023,1272162,32.6
china,2002,0.1557,0.1265,-0.029200000000000004,36145,1468325,40.6
china,2003,0.1515,0.1323,-0.019199999999999995,35170,1535648,43.6
china,2004,0.1515,0.1393,-0.012199999999999989,35170,1616899,45.900000000000006
china,2005,0.1442,0.143,-0.0012000000000000066,33475,1659846,49.5
china,2006,0.1441,0.1487,0.004599999999999993,33452,1726008,51.5
china,2007,0.1425,0.1538,0.011300000000000004,33080,1785205,53.900000000000006
china,2008,0.1421,0.1529,0.010800000000000004,32988,1774759,53.800000000000004
china,2009,0.1414,0.1552,0.013800000000000007,32825,1801456,54.800000000000004
china,2010,0.1383,0.152,0.01369999999999999,32105,1764312,54.900000000000006
china,2011,0.1409,0.1467,0.0058,32709,1702793,52.0
china,2012,0.1454,0.1383,-0.007099999999999995,33754,1605292,47.5
china,2013,0.1403,0.1389,-0.0014000000000000123,32570,1612256,49.5
china,2014,0.1438,0.1374,-0.006400000000000017,33382,1594845,47.7
china,2015,0.1436,0.14,-0.003599999999999992,33336,1625024,48.7
china,2016,0.1411,0.1405,-0.0005999999999999894,32755,1630828,49.7
china,2017,0.1386,0.1516,0.013000000000000012,32175,1759669,54.6
china,2018,0.1393,0.1485,0.009199999999999986,32337,1723686,53.300000000000004
china,2019,0.1398,0.1466,0.0068000000000000005,32454,1701633,52.400000000000006
china,2020,0.1377,0.1556,0.0179,31966,1806098,56.5
china,2021,0.1374,0.1572,0.019800000000000012,31896,1824670,57.2
china,2022,0.1351,0.1576,0.022499999999999992,31362,1829313,58.300000000000004
china,2023,0.1351,0.1576,0.022499999999999992,31362,1829313,58.300000000000004
germany,1820,0.1815,0.1769,-0.004599999999999993,42134,2053334,48.7
germany,1850,0.178,0.1808,0.002799999999999997,41322,2098603,50.7
germany,1880,0.1836,0.1745,-0.009100000000000025,42622,2025477,47.5
germany,1900,0.1678,0.2244,0.056599999999999984,38954,2604682,66.8
germany,1910,0.1759,0.214,0.038099999999999995,40834,2483966,60.800000000000004
germany,1920,0.1724,0.2185,0.0461,40022,2536199,63.300000000000004
germany,1930,0.2229,0.1249,-0.09799999999999999,51745,1449754,28.0
germany,1940,0.1917,0.1574,-0.0343,44502,1826992,41.0
germany,1950,0.2205,0.1078,-0.1127,51188,1251269,24.400000000000002
germany,1960,0.2289,0.1143,-0.1146,53138,1326716,24.900000000000002
germany,1970,0.2409,0.1022,-0.1387,55924,1186268,21.200000000000003
germany,1980,0.2347,0.0968,-0.1379,54484,1123588,20.6
germany,1981,0.2353,0.0928,-0.14250000000000002,54624,1077159,19.700000000000003
germany,1982,0.2393,0.0905,-0.14880000000000002,55552,1050462,18.900000000000002
germany,1983,0.2357,0.0928,-0.1429,54716,1077159,19.6
germany,1984,0.2384,0.0927,-0.1457,55343,1075998,19.400000000000002
germany,1985,0.238,0.0942,-0.14379999999999998,55250,1093409,19.700000000000003
germany,1986,0.2356,0.0984,-0.1372,54693,1142160,20.8
germany,1987,0.2316,0.1029,-0.12869999999999998,53765,1194393,22.200000000000003
germany,1988,0.2255,0.1115,-0.114,52349,1294216,24.700000000000003
germany,1989,0.2215,0.1164,-0.1051,51420,1351092,26.200000000000003
germany,1990,0.2186,0.1131,-0.10549999999999998,50747,1312787,25.8
germany,1991,0.2236,0.102,-0.1216,51907,1183946,22.8
germany,1992,0.2265,0.0952,-0.1313,52581,1105016,21.0
germany,1993,0.2293,0.0909,-0.13840000000000002,53231,1055105,19.8
germany,1994,0.2325,0.088,-0.14450000000000002,53974,1021444,18.900000000000002
germany,1995,0.2332,0.0867,-0.1465,54136,1006354,18.5
germany,1996,0.228,0.0941,-0.13390000000000002,52929,1092248,20.6
germany,1997,0.2231,0.1005,-0.12259999999999999,51791,1166535,22.5
germany,1998,0.2177,0.1081,-0.1096,50538,1254751,24.8
germany,1999,0.2209,0.1044,-0.1165,51281,1211804,23.6
germany,2000,0.2178,0.103,-0.1148,50561,1195553,23.6
germany,2001,0.2172,0.1011,-0.11610000000000001,50422,1173500,23.200000000000003
germany,2002,0.2139,0.0993,-0.11460000000000001,49656,1152606,23.200000000000003
germany,2003,0.2187,0.0931,-0.1256,50770,1080641,21.200000000000003
germany,2004,0.2122,0.1042,-0.108,49261,1209482,24.5
germany,2005,0.2017,0.1187,-0.08299999999999999,46823,1377788,29.400000000000002
germany,2006,0.2004,0.1251,-0.0753,46522,1452075,31.200000000000003
germany,2007,0.196,0.1338,-0.062200000000000005,45500,1553059,34.1
germany,2008,0.1948,0.132,-0.0628,45222,1532166,33.800000000000004
germany,2009,0.195,0.1268,-0.06820000000000001,45268,1471808,32.5
germany,2010,0.1968,0.1258,-0.07100000000000001,45686,1460200,31.900000000000002
germany,2011,0.1945,0.1252,-0.0693,45152,1453236,32.1
germany,2012,0.1931,0.1233,-0.06979999999999999,44827,1431182,31.900000000000002
germany,2013,0.1862,0.128,-0.0582,43225,1485736,34.300000000000004
germany,2014,0.1855,0.1298,-0.0557,43063,1506630,34.9
germany,2015,0.1864,0.1298,-0.05660000000000001,43272,1506630,34.800000000000004
germany,2016,0.1881,0.1296,-0.058499999999999996,43666,1504308,34.4
germany,2017,0.1896,0.1291,-0.0605,44014,1498504,34.0
germany,2018,0.1923,0.1274,-0.06489999999999999,44641,1478772,33.1
germany,2019,0.1914,0.1284,-0.063,44432,1490379,33.5
germany,2020,0.1919,0.1278,-0.06409999999999999,44548,1483415,33.2
germany,2021,0.1919,0.1278,-0.06409999999999999,44548,1483415,33.2
germany,2022,0.1919,0.1278,-0.06409999999999999,44548,1483415,33.2
germany,2023,0.1919,0.1278,-0.06409999999999999,44548,1483415,33.2
italy,1820,0.1596,0.2202,0.060600000000000015,37050,2555931,68.9
italy,1850,0.1572,0.2255,0.0683,36493,2617450,71.7
italy,1880,0.1563,0.2225,0.06620000000000001,36284,2582628,71.10000000000001
italy,1900,0.1438,0.2789,0.13509999999999997,33382,3237281,96.9
italy,1910,0.1544,0.2675,0.1131,35843,3104958,86.60000000000001
italy,1920,0.1854,0.2131,0.027700000000000002,43039,2473519,57.400000000000006
italy,1930,0.2086,0.1631,-0.04550000000000001,48425,1893153,39.0
italy,1940,0.2045,0.1479,-0.056599999999999984,47473,1716722,36.1
italy,1950,0.2281,0.1071,-0.121,52952,1243143,23.400000000000002
italy,1960,0.2274,0.1012,-0.12619999999999998,52790,1174660,22.200000000000003
italy,1970,0.2708,0.053,-0.2178,62865,615187,9.700000000000001
italy,1980,0.2089,0.0624,-0.14650000000000002,48495,724296,14.9
italy,1981,0.2137,0.0573,-0.1564,49609,665099,13.4
italy,1982,0.2144,0.0563,-0.15810000000000002,49772,653492,13.100000000000001
italy,1983,0.2156,0.0559,-0.1597,50050,648849,12.9
italy,1984,0.2133,0.058,-0.1553,49516,673224,13.5
italy,1985,0.2123,0.0617,-0.15059999999999998,49284,716171,14.5
italy,1986,0.21,0.0695,-0.14049999999999999,48750,806708,16.5
italy,1987,0.2057,0.0709,-0.13479999999999998,47752,822958,17.2
italy,1988,0.1992,0.0749,-0.1243,46243,869388,18.8
italy,1989,0.1973,0.0765,-0.1208,45802,887959,19.3
italy,1990,0.1926,0.076,-0.1166,44711,882156,19.700000000000003
italy,1991,0.1966,0.0767,-0.11989999999999999,45639,890281,19.5
italy,1992,0.1924,0.0768,-0.1156,44664,891442,19.900000000000002
italy,1993,0.1879,0.0794,-0.10850000000000001,43620,921621,21.1
italy,1994,0.1829,0.0822,-0.10070000000000001,42459,954121,22.400000000000002
italy,1995,0.1807,0.0882,-0.0925,41948,1023765,24.400000000000002
italy,1996,0.1773,0.0904,-0.08690000000000002,41159,1049301,25.400000000000002
italy,1997,0.1786,0.0919,-0.08670000000000001,41461,1066712,25.700000000000003
italy,1998,0.1711,0.0959,-0.0752,39720,1113141,28.0
italy,1999,0.1729,0.0935,-0.0794,40138,1085284,27.0
italy,2000,0.1707,0.0992,-0.0715,39627,1151446,29.0
italy,2001,0.1692,0.1035,-0.0657,39279,1201357,30.5
italy,2002,0.1709,0.0997,-0.0712,39673,1157249,29.1
italy,2003,0.1699,0.1006,-0.0693,39441,1167696,29.6
italy,2004,0.1698,0.0991,-0.07070000000000001,39418,1150285,29.1
italy,2005,0.1751,0.0983,-0.07680000000000001,40648,1140999,28.0
italy,2006,0.1741,0.0987,-0.07540000000000001,40416,1145642,28.3
italy,2007,0.1736,0.0962,-0.07740000000000001,40300,1116624,27.700000000000003
italy,2008,0.1794,0.0867,-0.0927,41647,1006354,24.1
italy,2009,0.1789,0.0889,-0.09,41530,1031890,24.8
italy,2010,0.1754,0.0939,-0.0815,40718,1089927,26.700000000000003
italy,2011,0.1728,0.1062,-0.0666,40114,1232697,30.700000000000003
italy,2012,0.1714,0.1139,-0.057499999999999996,39789,1322073,33.2
italy,2013,0.1678,0.1105,-0.057300000000000004,38954,1282608,32.9
italy,2014,0.1679,0.1123,-0.0556,38977,1303502,33.4
italy,2015,0.1695,0.1056,-0.06390000000000001,39348,1225732,31.1
italy,2016,0.167,0.123,-0.04400000000000001,38768,1427700,36.800000000000004
italy,2017,0.1657,0.1271,-0.038599999999999995,38466,1475290,38.300000000000004
italy,2018,0.1641,0.1259,-0.038199999999999984,38095,1461361,38.300000000000004
italy,2019,0.1649,0.1243,-0.0406,38280,1442789,37.6
italy,2020,0.166,0.1228,-0.0432,38536,1425378,36.9
italy,2021,0.166,0.1228,-0.0432,38536,1425378,36.9
italy,2022,0.166,0.1228,-0.0432,38536,1425378,36.9
italy,2023,0.166,0.1228,-0.0432,38536,1425378,36.9
japan,1820,0.1273,0.2159,0.08860000000000001,29552,2506020,84.80000000000001
japan,1850,0.1252,0.2207,0.0955,29064,2561735,88.10000000000001
japan,1880,0.121,0.2183,0.0973,28089,2533877,90.2
japan,1900,0.1148,0.2425,0.12769999999999998,26650,2814775,105.60000000000001
japan,1910,0.111,0.2599,0.14890000000000003,25768,3016742,117.0
japan,1920,0.1454,0.2178,0.07239999999999999,33754,2528074,74.8
japan,1930,0.1528,0.1984,0.0456,35471,2302892,64.9
japan,1940,0.1672,0.1817,0.014500000000000013,38814,2109050,54.300000000000004
japan,1950,0.2173,0.1054,-0.1119,50445,1223411,24.200000000000003
japan,1960,0.2106,0.1109,-0.09970000000000001,48890,1287251,26.3
japan,1970,0.2065,0.1157,-0.09079999999999999,47938,1342966,28.0
japan,1980,0.2902,0.0478,-0.2424,67368,554829,8.200000000000001
japan,1981,0.2937,0.0461,-0.24760000000000001,68181,535097,7.800000000000001
japan,1982,0.2953,0.0459,-0.2494,68552,532775,7.7
japan,1983,0.2928,0.0457,-0.24710000000000001,67972,530454,7.800000000000001
japan,1984,0.2904,0.0466,-0.2438,67415,540901,8.0
japan,1985,0.2848,0.048,-0.2368,66115,557151,8.4
japan,1986,0.2817,0.0507,-0.231,65395,588491,8.9
japan,1987,0.276,0.0575,-0.21850000000000003,64072,667420,10.4
japan,1988,0.2726,0.0591,-0.21350000000000002,63283,685992,10.8
japan,1989,0.2718,0.0641,-0.2077,63097,744029,11.700000000000001
japan,1990,0.2731,0.068,-0.2051,63399,789297,12.4
japan,1991,0.2789,0.0631,-0.2158,64745,732421,11.3
japan,1992,0.2918,0.0448,-0.247,67740,520007,7.6000000000000005
japan,1993,0.2886,0.0458,-0.24280000000000002,66997,531615,7.9
japan,1994,0.2866,0.0452,-0.24140000000000003,66533,524650,7.800000000000001
japan,1995,0.2803,0.0473,-0.23299999999999998,65070,549026,8.4
japan,1996,0.2735,0.0507,-0.22280000000000003,63492,588491,9.200000000000001
japan,1997,0.2734,0.0479,-0.22549999999999998,63468,555990,8.700000000000001
japan,1998,0.2726,0.0475,-0.22510000000000002,63283,551347,8.700000000000001
japan,1999,0.27,0.049,-0.22100000000000003,62679,568758,9.0
japan,2000,0.2636,0.0525,-0.2111,61193,609384,9.9
japan,2001,0.2589,0.0542,-0.20470000000000002,60102,629116,10.4
japan,2002,0.2536,0.056,-0.1976,58872,650009,11.0
japan,2003,0.2503,0.0585,-0.19180000000000003,58106,679028,11.600000000000001
japan,2004,0.2459,0.0628,-0.1831,57084,728939,12.700000000000001
japan,2005,0.2463,0.065,-0.1813,57177,754475,13.100000000000001
japan,2006,0.247,0.0658,-0.1812,57340,763761,13.3
japan,2007,0.2462,0.066,-0.1802,57154,766083,13.4
japan,2008,0.2512,0.062,-0.18919999999999998,58315,719653,12.3
japan,2009,0.2645,0.058,-0.20650000000000002,61402,673224,10.9
japan,2010,0.2647,0.061,-0.2037,61449,708046,11.5
japan,2011,0.2678,0.06,-0.20779999999999998,62168,696439,11.200000000000001
japan,2012,0.268,0.0603,-0.20770000000000002,62215,699921,11.200000000000001
japan,2013,0.2671,0.0612,-0.2059,62006,710367,11.4
japan,2014,0.2674,0.0611,-0.20630000000000004,62075,709207,11.4
japan,2015,0.2665,0.0609,-0.2056,61867,706885,11.4
japan,2016,0.2655,0.0607,-0.2048,61634,704564,11.4
japan,2017,0.2646,0.0605,-0.2041,61425,702242,11.4
japan,2018,0.2636,0.0603,-0.2033,61193,699921,11.4
japan,2019,0.2626,0.0601,-0.2025,60961,697599,11.4
japan,2020,0.2626,0.0601,-0.2025,60961,697599,11.4
japan,2021,0.2626,0.0601,-0.2025,60961,697599,11.4
japan,2022,0.2626,0.0601,-0.2025,60961,697599,11.4
japan,2023,0.2626,0.0601,-0.2025,60961,697599,11.4
new_zealand,1820,0.1185,0.1443,0.025800000000000017,27509,1674936,60.800000000000004
new_zealand,1850,0.1165,0.1475,0.030999999999999986,27045,1712079,63.300000000000004
new_zealand,1880,0.1175,0.1459,0.02840000000000001,27277,1693507,62.0
new_zealand,1900,0.1073,0.1621,0.05479999999999999,24909,1881546,75.5
new_zealand,1910,0.1073,0.1621,0.05479999999999999,24909,1881546,75.5
new_zealand,1920,0.0979,0.1884,0.09050000000000001,22727,2186819,96.2
new_zealand,1921,0.0989,0.2068,0.10790000000000001,22959,2400393,104.5
new_zealand,1922,0.1114,0.193,0.0816,25861,2240212,86.60000000000001
new_zealand,1923,0.1046,0.2008,0.09620000000000001,24282,2330749,95.9
new_zealand,1924,0.1053,0.1999,0.09459999999999999,24445,2320303,94.9
new_zealand,1925,0.0993,0.2026,0.1033,23052,2351642,102.0
new_zealand,1926,0.0952,0.1975,0.1023,22100,2292445,103.7
new_zealand,1927,0.095,0.1942,0.09920000000000001,22053,2254141,102.2
new_zealand,1928,0.0952,0.2094,0.1142,22100,2430572,109.9
new_zealand,1929,0.0913,0.1999,0.10859999999999999,21194,2320303,109.4
new_zealand,1930,0.082,0.1912,0.1092,19036,2219319,116.5
new_zealand,1931,0.0823,0.1931,0.1108,19105,2241373,117.30000000000001
new_zealand,1932,0.0826,0.1952,0.1126,19175,2265748,118.10000000000001
new_zealand,1933,0.0831,0.1969,0.1138,19291,2285481,118.4
new_zealand,1934,0.0833,0.1891,0.10579999999999999,19337,2194944,113.5
new_zealand,1935,0.093,0.1889,0.09590000000000001,21589,2192622,101.5
new_zealand,1936,0.1012,0.1955,0.09430000000000001,23493,2269231,96.5
new_zealand,1937,0.1189,0.1555,0.036599999999999994,27602,1804938,65.3
new_zealand,1938,0.1329,0.1386,0.005700000000000011,30852,1608774,52.1
new_zealand,1939,0.1212,0.1475,0.02629999999999999,28136,1712079,60.800000000000004
new_zealand,1940,0.1266,0.1398,0.013200000000000017,29389,1622703,55.2
new_zealand,1941,0.1309,0.1381,0.007200000000000012,30387,1602970,52.7
new_zealand,1942,0.1352,0.1364,0.0012000000000000066,31386,1583238,50.400000000000006
new_zealand,1943,0.1394,0.1347,-0.00470000000000001,32361,1563505,48.300000000000004
new_zealand,1944,0.1437,0.133,-0.010699999999999987,33359,1543773,46.2
new_zealand,1945,0.1481,0.1313,-0.01680000000000001,34380,1524041,44.300000000000004
new_zealand,1946,0.1375,0.1419,0.004399999999999987,31920,1647078,51.6
new_zealand,1947,0.1295,0.1452,0.015699999999999992,30062,1685382,56.0
new_zealand,1948,0.1266,0.1457,0.019100000000000006,29389,1691186,57.5
new_zealand,1949,0.1226,0.1507,0.0281,28461,1749223,61.400000000000006
new_zealand,1950,0.117,0.1744,0.05739999999999999,27161,2024316,74.5
new_zealand,1951,0.1247,0.1478,0.02309999999999998,28948,1715561,59.2
new_zealand,1952,0.1199,0.1485,0.028599999999999987,27834,1723686,61.900000000000006
new_zealand,1953,0.1199,0.1485,0.028599999999999987,27834,1723686,61.900000000000006
new_zealand,1954,0.1217,0.1437,0.021999999999999992,28252,1667971,59.0
new_zealand,1955,0.1258,0.1324,0.006599999999999995,29204,1536809,52.6
new_zealand,1956,0.1214,0.1345,0.013100000000000014,28182,1561184,55.300000000000004
new_zealand,1957,0.126,0.1314,0.005399999999999988,29250,1525201,52.1
new_zealand,1958,0.1334,0.1108,-0.022599999999999995,30968,1286091,41.5
new_zealand,1959,0.1304,0.1158,-0.014599999999999988,30271,1344127,44.400000000000006
new_zealand,1960,0.1323,0.1137,-0.018600000000000005,30712,1319752,42.900000000000006
new_zealand,1961,0.1323,0.1125,-0.019799999999999998,30712,1305823,42.5
new_zealand,1962,0.1325,0.1111,-0.021400000000000002,30759,1289573,41.900000000000006
new_zealand,1963,0.1323,0.1116,-0.020699999999999996,30712,1295376,42.1
new_zealand,1964,0.1301,0.1137,-0.016399999999999998,30202,1319752,43.6
new_zealand,1965,0.1355,0.1036,-0.03190000000000001,31455,1202518,38.2
new_zealand,1966,0.1368,0.1012,-0.03560000000000001,31757,1174660,36.9
new_zealand,1967,0.1356,0.1016,-0.034,31479,1179303,37.4
new_zealand,1968,0.135,0.1034,-0.0316,31339,1200196,38.2
new_zealand,1969,0.1355,0.1034,-0.032100000000000004,31455,1200196,38.1
new_zealand,1970,0.1364,0.1025,-0.0339,31664,1189750,37.5
new_zealand,1971,0.1363,0.1002,-0.03610000000000001,31641,1163053,36.7
new_zealand,1972,0.1348,0.1106,-0.0242,31293,1283769,41.0
new_zealand,1973,0.1328,0.1162,-0.016600000000000004,30829,1348770,43.7
new_zealand,1974,0.1358,0.1082,-0.0276,31525,1255912,39.800000000000004
new_zealand,1975,0.1472,0.0902,-0.056999999999999995,34171,1046980,30.6
new_zealand,1976,0.1421,0.1077,-0.0344,32988,1250108,37.800000000000004
new_zealand,1977,0.1511,0.0871,-0.06400000000000002,35077,1010997,28.8
new_zealand,1978,0.151,0.0848,-0.0662,35054,984300,28.0
new_zealand,1979,0.1544,0.0808,-0.07360000000000001,35843,937871,26.1
new_zealand,1980,0.1512,0.0772,-0.074,35100,896085,25.5
new_zealand,1981,0.1514,0.0764,-0.07500000000000001,35146,886799,25.200000000000003
new_zealand,1982,0.1493,0.0773,-0.072,34659,897245,25.8
new_zealand,1983,0.1449,0.0863,-0.0586,33638,1001711,29.700000000000003
new_zealand,1984,0.1491,0.0853,-0.06380000000000001,34613,990104,28.6
new_zealand,1985,0.1544,0.0812,-0.07320000000000002,35843,942514,26.200000000000003
new_zealand,1986,0.1588,0.0722,-0.0866,36864,838048,22.700000000000003
new_zealand,1987,0.1617,0.0788,-0.08290000000000002,37538,914656,24.3
new_zealand,1988,0.1611,0.0817,-0.0794,37398,948318,25.3
new_zealand,1989,0.1524,0.0992,-0.05320000000000001,35379,1151446,32.5
new_zealand,1990,0.1418,0.1195,-0.022300000000000014,32918,1387074,42.1
new_zealand,1991,0.1442,0.1057,-0.03849999999999999,33475,1226893,36.6
new_zealand,1992,0.139,0.1128,-0.026200000000000015,32268,1309305,40.5
new_zealand,1993,0.1369,0.119,-0.0179,31780,1381271,43.400000000000006
new_zealand,1994,0.1378,0.1232,-0.014600000000000002,31989,1430021,44.7
new_zealand,1995,0.1388,0.1243,-0.014500000000000013,32221,1442789,44.7
new_zealand,1996,0.1432,0.1183,-0.02489999999999999,33243,1373145,41.300000000000004
new_zealand,1997,0.1395,0.1262,-0.013300000000000006,32384,1464843,45.2
new_zealand,1998,0.1323,0.1381,0.0058,30712,1602970,52.1
new_zealand,1999,0.1625,0.1529,-0.009599999999999997,37723,1774759,47.0
new_zealand,2000,0.1808,0.1161,-0.0647,41972,1347609,32.1
new_zealand,2001,0.1761,0.1237,-0.0524,40880,1435825,35.1
new_zealand,2002,0.1943,0.1248,-0.0695,45106,1448593,32.1
new_zealand,2003,0.1981,0.1286,-0.0695,45988,1492701,32.4
new_zealand,2004,0.2039,0.2111,0.007200000000000012,47334,2450305,51.7
new_zealand,2005,0.2155,0.161,-0.05449999999999999,50027,1868778,37.300000000000004
new_zealand,2006,0.2412,0.1005,-0.1407,55993,1166535,20.8
new_zealand,2007,0.2346,0.1048,-0.1298,54461,1216447,22.3
new_zealand,2008,0.2319,0.1629,-0.069,53834,1890832,35.1
new_zealand,2009,0.2198,0.1874,-0.032399999999999984,51025,2175211,42.6
new_zealand,2010,0.1967,0.2239,0.027199999999999974,45663,2598878,56.900000000000006
new_zealand,2011,0.2201,0.1972,-0.022900000000000004,51095,2288963,44.7
new_zealand,2012,0.2292,0.1364,-0.0928,53207,1583238,29.700000000000003
new_zealand,2013,0.2327,0.1215,-0.1112,54020,1410289,26.1
new_zealand,2014,0.2325,0.1181,-0.11440000000000002,53974,1370824,25.3
new_zealand,2015,0.2322,0.1147,-0.1175,53904,1331359,24.6
new_zealand,2016,0.2319,0.1113,-0.1206,53834,1291894,23.900000000000002
new_zealand,2017,0.2386,0.1154,-0.1232,55390,1339484,24.1
new_zealand,2018,0.2443,0.1069,-0.1374,56713,1240822,21.8
new_zealand,2019,0.2193,0.1191,-0.1002,50909,1382431,27.1
new_zealand,2020,0.1937,0.13,-0.0637,44966,1508951,33.5
new_zealand,2021,0.1854,0.1677,-0.01770000000000002,43039,1946547,45.2
new_zealand,2022,0.2044,0.1208,-0.0836,47450,1402164,29.5
new_zealand,2023,0.2044,0.1208,-0.0836,47450,1402164,29.5
norway,1980,0.253,0.0747,-0.17830000000000001,58733,867066,14.700000000000001
norway,1981,0.2547,0.0736,-0.18109999999999998,59127,854298,14.4
norway,1982,0.2596,0.0712,-0.1884,60265,826441,13.700000000000001
norway,1983,0.2633,0.0698,-0.19349999999999998,61124,810190,13.200000000000001
norway,1984,0.2634,0.0776,-0.18580000000000002,61147,900728,14.700000000000001
norway,1985,0.263,0.0796,-0.1834,61054,923942,15.100000000000001
norway,1986,0.2766,0.0576,-0.21900000000000003,64211,668581,10.4
norway,1987,0.2782,0.0555,-0.2227,64583,644206,9.9
norway,1988,0.2838,0.0497,-0.2341,65883,576883,8.700000000000001
norway,1989,0.2868,0.0566,-0.23020000000000002,66579,656974,9.8
norway,1990,0.2843,0.0583,-0.226,65999,676706,10.200000000000001
norway,1991,0.2853,0.0598,-0.2255,66231,694117,10.4
norway,1992,0.284,0.0686,-0.21539999999999998,65929,796262,12.0
norway,1993,0.2731,0.0802,-0.19290000000000002,63399,930907,14.600000000000001
norway,1994,0.2634,0.0849,-0.17850000000000002,61147,985461,16.1
norway,1995,0.2641,0.0848,-0.17930000000000001,61309,984300,16.0
norway,1996,0.2553,0.0975,-0.15780000000000002,59266,1131713,19.0
norway,1997,0.2468,0.1053,-0.1415,57293,1222250,21.3
norway,1998,0.2605,0.0887,-0.1718,60474,1029569,17.0
norway,1999,0.2565,0.0986,-0.1579,59545,1144481,19.200000000000003
norway,2000,0.2412,0.1261,-0.11510000000000001,55993,1463683,26.1
norway,2001,0.2539,0.1069,-0.14700000000000002,58941,1240822,21.0
norway,2002,0.2525,0.1146,-0.13790000000000002,58616,1330198,22.6
norway,2003,0.2482,0.1196,-0.1286,57618,1388235,24.0
norway,2004,0.2435,0.1264,-0.11709999999999998,56527,1467165,25.900000000000002
norway,2005,0.2366,0.141,-0.09560000000000002,54925,1636632,29.700000000000003
norway,2006,0.2361,0.1323,-0.1038,54809,1535648,28.0
norway,2007,0.2361,0.1321,-0.10400000000000001,54809,1533326,27.900000000000002
norway,2008,0.2368,0.1399,-0.09690000000000001,54972,1623864,29.5
norway,2009,0.2494,0.1109,-0.1385,57897,1287251,22.200000000000003
norway,2010,0.2409,0.124,-0.1169,55924,1439307,25.700000000000003
norway,2011,0.2381,0.1245,-0.1136,55274,1445111,26.1
norway,2012,0.236,0.1263,-0.10969999999999999,54786,1466004,26.700000000000003
norway,2013,0.2383,0.1205,-0.11780000000000002,55320,1398682,25.200000000000003
norway,2014,0.2378,0.1169,-0.12090000000000001,55204,1356895,24.5
norway,2015,0.2449,0.0996,-0.1453,56852,1156089,20.3
norway,2016,0.2443,0.0977,-0.1466,56713,1134035,19.900000000000002
norway,2017,0.2418,0.1025,-0.13929999999999998,56132,1189750,21.1
norway,2018,0.2372,0.1113,-0.1259,55065,1291894,23.400000000000002
norway,2019,0.2398,0.0966,-0.1432,55668,1121267,20.1
norway,2020,0.2423,0.0934,-0.14889999999999998,56249,1084123,19.200000000000003
norway,2021,0.2423,0.0934,-0.14889999999999998,56249,1084123,19.200000000000003
norway,2022,0.2423,0.0934,-0.14889999999999998,56249,1084123,19.200000000000003
norway,2023,0.2423,0.0934,-0.14889999999999998,56249,1084123,19.200000000000003
russia,1820,0.1763,0.1601,-0.01620000000000002,40927,1858331,45.400000000000006
russia,1850,0.1748,0.1637,-0.011099999999999999,40579,1900118,46.800000000000004
russia,1880,0.1719,0.1619,-0.010000000000000009,39905,1879225,47.0
russia,1900,0.1674,0.1799,0.012500000000000011,38861,2088156,53.7
russia,1905,0.1506,0.1835,0.032899999999999985,34961,2129943,60.900000000000006
russia,1910,0.1674,0.1799,0.012500000000000011,38861,2088156,53.7
russia,1920,0.2936,0.041,-0.25260000000000005,68158,475900,6.9
russia,1928,0.2721,0.0376,-0.23450000000000001,63167,436435,6.9
russia,1930,0.2936,0.041,-0.25260000000000005,68158,475900,6.9
russia,1934,0.2573,0.0441,-0.21319999999999997,59731,511882,8.5
russia,1940,0.271,0.042,-0.229,62911,487507,7.7
russia,1950,0.2519,0.06,-0.19190000000000002,58477,696439,11.9
russia,1956,0.2262,0.0562,-0.17,52511,652331,12.4
russia,1959,0.2325,0.047,-0.1855,53974,545544,10.100000000000001
russia,1960,0.2537,0.05,-0.2037,58895,580365,9.8
russia,1961,0.2392,0.0461,-0.1931,55529,535097,9.600000000000001
russia,1964,0.2518,0.0443,-0.20750000000000002,58454,514204,8.700000000000001
russia,1966,0.2693,0.0418,-0.22749999999999998,62517,485185,7.7
russia,1968,0.2895,0.039,-0.2505,67206,452685,6.7
russia,1970,0.2964,0.048,-0.2484,68808,557151,8.0
russia,1972,0.2822,0.0406,-0.2416,65511,471257,7.1000000000000005
russia,1976,0.2846,0.039,-0.2456,66068,452685,6.800000000000001
russia,1980,0.2884,0.0356,-0.25279999999999997,66951,413220,6.1000000000000005
russia,1981,0.2869,0.0379,-0.249,66602,439917,6.6000000000000005
russia,1982,0.2854,0.0401,-0.2453,66254,465453,7.0
russia,1983,0.2841,0.042,-0.2421,65952,487507,7.300000000000001
russia,1984,0.2829,0.0439,-0.239,65674,509561,7.7
russia,1985,0.2818,0.0456,-0.2362,65418,529293,8.0
russia,1986,0.2813,0.0471,-0.2342,65302,546704,8.3
russia,1987,0.2808,0.0487,-0.2321,65186,565276,8.6
russia,1988,0.2803,0.0501,-0.2302,65070,581526,8.9
russia,1989,0.2731,0.0562,-0.2169,63399,652331,10.200000000000001
russia,1990,0.2837,0.0745,-0.2092,65859,864745,13.100000000000001
russia,1991,0.2791,0.0852,-0.19390000000000002,64792,988943,15.200000000000001
russia,1992,0.2167,0.1013,-0.1154,50306,1175821,23.3
russia,1993,0.203,0.1111,-0.09190000000000001,47125,1289573,27.3
russia,1994,0.1553,0.1208,-0.03449999999999999,36052,1402164,38.800000000000004
russia,1995,0.1417,0.1378,-0.003899999999999987,32895,1599488,48.6
russia,1996,0.099,0.1616,0.06259999999999999,22982,1875742,81.60000000000001
russia,1997,0.1262,0.1523,0.026099999999999984,29296,1767794,60.300000000000004
russia,1998,0.1456,0.1489,0.0032999999999999974,33800,1728329,51.1
russia,1999,0.1412,0.1845,0.043300000000000005,32779,2141550,65.3
russia,2000,0.1343,0.2159,0.0816,31177,2506020,80.30000000000001
russia,2001,0.1327,0.2453,0.11259999999999998,30805,2847275,92.4
russia,2002,0.1375,0.2391,0.1016,31920,2775310,86.9
russia,2003,0.1341,0.2325,0.09840000000000002,31130,2698701,86.60000000000001
russia,2004,0.1389,0.2188,0.0799,32245,2539681,78.7
russia,2005,0.1435,0.2389,0.09540000000000001,33313,2772988,83.2
russia,2006,0.1376,0.247,0.1094,31943,2867007,89.7
russia,2007,0.1354,0.259,0.12360000000000002,31432,3006295,95.60000000000001
russia,2008,0.1311,0.2375,0.1064,30434,2756738,90.5
russia,2009,0.1453,0.2058,0.0605,33730,2388786,70.8
russia,2010,0.1646,0.1903,0.0257,38211,2208872,57.800000000000004
russia,2011,0.1599,0.203,0.04310000000000003,37120,2356285,63.400000000000006
russia,2012,0.1663,0.1881,0.021799999999999986,38605,2183336,56.5
russia,2013,0.16,0.1991,0.039099999999999996,37143,2311017,62.2
russia,2014,0.1685,0.191,0.022499999999999992,39116,2216998,56.6
russia,2015,0.1708,0.186,0.015199999999999991,39650,2158961,54.400000000000006
russia,2016,0.1702,0.1944,0.0242,39511,2256462,57.1
russia,2017,0.1734,0.2,0.026600000000000013,40254,2321463,57.6
russia,2018,0.1703,0.205,0.03469999999999998,39534,2379500,60.1
russia,2019,0.1699,0.2021,0.032200000000000006,39441,2345839,59.400000000000006
russia,2020,0.1568,0.2376,0.08080000000000001,36400,2757899,75.7
russia,2021,0.1568,0.2376,0.08080000000000001,36400,2757899,75.7
russia,2022,0.1568,0.2376,0.08080000000000001,36400,2757899,75.7
russia,2023,0.1568,0.2376,0.08080000000000001,36400,2757899,75.7
uk,1820,0.1659,0.248,0.0821,38513,2878615,74.7
uk,1850,0.1646,0.25,0.0854,38211,2901829,75.9
uk,1880,0.1541,0.266,0.11190000000000003,35773,3087547,86.30000000000001
uk,1900,0.1455,0.31,0.1645,33777,3598269,106.5
uk,1910,0.1515,0.3,0.1485,35170,3482195,99.0
uk,1920,0.1932,0.2295,0.0363,44850,2663879,59.300000000000004
uk,1930,0.2141,0.1944,-0.019700000000000023,49702,2256462,45.300000000000004
uk,1940,0.208,0.156,-0.05199999999999999,48286,1810741,37.5
uk,1950,0.2218,0.1118,-0.11,51490,1297698,25.200000000000003
uk,1960,0.2276,0.0887,-0.1389,52836,1029569,19.400000000000002
uk,1970,0.2306,0.0742,-0.15639999999999998,53532,861263,16.0
uk,1980,0.2219,0.0717,-0.1502,51513,832244,16.1
uk,1981,0.2219,0.0717,-0.1502,51513,832244,16.1
uk,1982,0.2203,0.0732,-0.1471,51141,849655,16.6
uk,1983,0.2177,0.0727,-0.14500000000000002,50538,843852,16.6
uk,1984,0.2155,0.0752,-0.14029999999999998,50027,872870,17.400000000000002
uk,1985,0.212,0.0771,-0.1349,49215,894924,18.1
uk,1986,0.2082,0.0791,-0.1291,48332,918138,18.900000000000002
uk,1987,0.2068,0.0808,-0.126,48007,937871,19.5
uk,1988,0.2039,0.0858,-0.1181,47334,995908,21.0
uk,1989,0.2064,0.0814,-0.125,47915,944835,19.700000000000003
uk,1990,0.193,0.0815,-0.1115,44804,945996,21.1
uk,1991,0.1912,0.0821,-0.1091,44386,952960,21.400000000000002
uk,1992,0.1951,0.0774,-0.1177,45291,898406,19.8
uk,1993,0.1918,0.0872,-0.1046,44525,1012158,22.700000000000003
uk,1994,0.1927,0.0992,-0.09350000000000001,44734,1151446,25.700000000000003
uk,1995,0.1882,0.1003,-0.0879,43689,1164214,26.6
uk,1996,0.1866,0.1148,-0.07179999999999999,43318,1332520,30.700000000000003
uk,1997,0.1894,0.1192,-0.07020000000000001,43968,1383592,31.400000000000002
uk,1998,0.1866,0.1281,-0.058499999999999996,43318,1486897,34.300000000000004
uk,1999,0.183,0.1201,-0.0629,42482,1394039,32.800000000000004
uk,2000,0.1886,0.1163,-0.07229999999999999,43782,1349931,30.8
uk,2001,0.1859,0.1157,-0.07020000000000001,43156,1342966,31.1
uk,2002,0.1884,0.1185,-0.06990000000000002,43736,1375467,31.400000000000002
uk,2003,0.1822,0.1296,-0.05260000000000001,42297,1504308,35.5
uk,2004,0.1851,0.1284,-0.0567,42970,1490379,34.6
uk,2005,0.1821,0.141,-0.041100000000000025,42273,1636632,38.7
uk,2006,0.181,0.145,-0.036000000000000004,42018,1683061,40.0
uk,2007,0.1845,0.1454,-0.039099999999999996,42831,1687704,39.400000000000006
uk,2008,0.1871,0.1393,-0.04779999999999998,43434,1616899,37.2
uk,2009,0.1771,0.1415,-0.03560000000000002,41113,1642435,39.900000000000006
uk,2010,0.1988,0.1214,-0.07740000000000001,46150,1409128,30.5
uk,2011,0.1957,0.1301,-0.06560000000000002,45431,1510112,33.2
uk,2012,0.1888,0.1265,-0.062299999999999994,43829,1468325,33.5
uk,2013,0.1837,0.137,-0.04669999999999999,42645,1590202,37.2
uk,2014,0.1941,0.1324,-0.061700000000000005,45059,1536809,34.1
uk,2015,0.1993,0.1224,-0.07690000000000001,46266,1420735,30.700000000000003
uk,2016,0.201,0.124,-0.07700000000000001,46661,1439307,30.8
uk,2017,0.2044,0.1331,-0.0713,47450,1544934,32.5
uk,2018,0.2029,0.1296,-0.0733,47102,1504308,31.900000000000002
uk,2019,0.2036,0.1261,-0.07750000000000001,47265,1463683,30.900000000000002
uk,2020,0.2005,0.131,-0.0695,46545,1520558,32.6
uk,2021,0.2005,0.131,-0.0695,46545,1520558,32.6
uk,2022,0.2005,0.131,-0.0695,46545,1520558,32.6
uk,2023,0.2005,0.131,-0.0695,46545,1520558,32.6
usa,1820,0.14,0.16,0.01999999999999999,32500,1857171,57.1
usa,1850,0.11,0.17,0.06000000000000001,25536,1973244,77.2
usa,1880,0.1504,0.117,-0.0334,34914,1358056,38.800000000000004
usa,1900,0.1453,0.155,0.009699999999999986,33730,1799134,53.300000000000004
usa,1910,0.151,0.2043,0.053300000000000014,35054,2371375,67.60000000000001
usa,1913,0.151,0.2043,0.053300000000000014,35054,2371375,67.60000000000001
usa,1914,0.1491,0.2091,0.06,34613,2427090,70.10000000000001
usa,1915,0.1513,0.2029,0.05160000000000001,35123,2355125,67.0
usa,1916,0.1473,0.2136,0.06630000000000003,34195,2479323,72.5
usa,1917,0.1461,0.2131,0.067,33916,2473519,72.9
usa,1918,0.1476,0.1968,0.049199999999999994,34264,2284320,66.60000000000001
usa,1919,0.1437,0.2164,0.07270000000000001,33359,2511824,75.2
usa,1920,0.1482,0.1913,0.0431,34404,2220480,64.5
usa,1921,0.1383,0.1915,0.0532,32105,2222801,69.2
usa,1922,0.142,0.1858,0.043800000000000006,32964,2156640,65.4
usa,1923,0.1488,0.177,0.028200000000000003,34543,2054495,59.400000000000006
usa,1924,0.1414,0.1847,0.043300000000000005,32825,2143871,65.3
usa,1925,0.1373,0.2068,0.0695,31873,2400393,75.3
usa,1926,0.1356,0.2194,0.08380000000000001,31479,2546645,80.80000000000001
usa,1927,0.1378,0.2126,0.0748,31989,2467716,77.10000000000001
usa,1928,0.135,0.2229,0.08789999999999998,31339,2587271,82.5
usa,1929,0.1382,0.2218,0.08360000000000001,32082,2574503,80.2
usa,1930,0.1389,0.194,0.05510000000000001,32245,2251820,69.8
usa,1931,0.1382,0.1676,0.02940000000000001,32082,1945386,60.6
usa,1932,0.1322,0.1651,0.032899999999999985,30689,1916368,62.400000000000006
usa,1933,0.1329,0.1751,0.042200000000000015,30852,2032441,65.8
usa,1934,0.1317,0.1906,0.05889999999999998,30573,2212355,72.3
usa,1935,0.1382,0.1933,0.05510000000000001,32082,2243694,69.9
usa,1936,0.1388,0.2094,0.0706,32221,2430572,75.4
usa,1937,0.1409,0.2067,0.0658,32709,2399232,73.3
usa,1938,0.142,0.1864,0.04440000000000002,32964,2163604,65.60000000000001
usa,1939,0.138,0.1957,0.0577,32036,2271552,70.9
usa,1940,0.139,0.2087,0.06969999999999998,32268,2422447,75.0
usa,1941,0.1451,0.2158,0.07069999999999999,33684,2504859,74.3
usa,1942,0.1768,0.2059,0.029099999999999987,41043,2389947,58.2
usa,1943,0.1879,0.1859,-0.0020000000000000018,43620,2157800,49.400000000000006
usa,1944,0.1967,0.1535,-0.043200000000000016,45663,1781723,39.0
usa,1945,0.1582,0.1425,-0.01570000000000002,36725,1654043,45.0
usa,1946,0.1712,0.1428,-0.02839999999999998,39743,1657525,41.7
usa,1947,0.1729,0.1497,-0.0232,40138,1737615,43.2
usa,1948,0.1739,0.1631,-0.010800000000000004,40370,1893153,46.800000000000004
usa,1949,0.171,0.1572,-0.013800000000000007,39697,1824670,45.900000000000006
usa,1950,0.1754,0.1669,-0.008500000000000008,40718,1937261,47.5
usa,1951,0.1838,0.16,-0.023799999999999988,42668,1857171,43.5
usa,1952,0.1896,0.1497,-0.03989999999999999,44014,1737615,39.400000000000006
usa,1953,0.1931,0.1401,-0.05299999999999999,44827,1626185,36.2
usa,1954,0.1861,0.1395,-0.046599999999999975,43202,1619221,37.4
usa,1955,0.1877,0.1461,-0.0416,43573,1695829,38.900000000000006
usa,1956,0.1928,0.1384,-0.054400000000000004,44757,1606453,35.800000000000004
usa,1957,0.1921,0.1353,-0.05679999999999999,44595,1570470,35.2
usa,1958,0.1842,0.1268,-0.05740000000000001,42761,1471808,34.4
usa,1959,0.1818,0.1321,-0.049699999999999994,42204,1533326,36.300000000000004
usa,1960,0.1822,0.1267,-0.055499999999999994,42297,1470647,34.7
usa,1961,0.1772,0.1253,-0.0519,41136,1454397,35.300000000000004
usa,1962,0.1932,0.1284,-0.06480000000000002,44850,1490379,33.2
usa,1963,0.1894,0.1298,-0.059600000000000014,43968,1506630,34.2
usa,1964,0.1858,0.1311,-0.0547,43132,1521719,35.2
usa,1965,0.1903,0.1303,-0.06,44177,1512433,34.2
usa,1966,0.1948,0.1297,-0.06509999999999999,45222,1505469,33.2
usa,1967,0.2073,0.1237,-0.08360000000000001,48123,1435825,29.8
usa,1968,0.2061,0.1261,-0.08000000000000002,47845,1463683,30.5
usa,1969,0.2124,0.116,-0.0964,49307,1346449,27.3
usa,1970,0.2112,0.107,-0.1042,49029,1241983,25.3
usa,1971,0.2044,0.1105,-0.0939,47450,1282608,27.0
usa,1972,0.2024,0.1108,-0.0916,46986,1286091,27.3
usa,1973,0.2043,0.1088,-0.09550000000000002,47427,1262876,26.6
usa,1974,0.21,0.1037,-0.10629999999999999,48750,1203679,24.6
usa,1975,0.2041,0.1043,-0.0998,47381,1210643,25.5
usa,1976,0.2053,0.1036,-0.10170000000000001,47659,1202518,25.200000000000003
usa,1977,0.2027,0.1058,-0.09689999999999999,47056,1228054,26.0
usa,1978,0.2024,0.1035,-0.0989,46986,1201357,25.5
usa,1979,0.2034,0.1086,-0.0948,47218,1260554,26.6
usa,1980,0.2008,0.1042,-0.0966,46614,1209482,25.900000000000002
usa,1981,0.1969,0.1067,-0.09019999999999999,45709,1238501,27.0
usa,1982,0.1916,0.1099,-0.0817,44479,1275644,28.6
usa,1983,0.1832,0.115,-0.0682,42529,1334841,31.3
usa,1984,0.1796,0.1215,-0.05810000000000001,41693,1410289,33.800000000000004
usa,1985,0.1782,0.1227,-0.055499999999999994,41368,1424218,34.4
usa,1986,0.1761,0.1198,-0.0563,40880,1390556,34.0
usa,1987,0.1736,0.1324,-0.041200000000000014,40300,1536809,38.1
usa,1988,0.1687,0.1521,-0.016599999999999976,39163,1765473,45.0
usa,1989,0.1698,0.1469,-0.022900000000000004,39418,1705115,43.2
usa,1990,0.1685,0.1471,-0.021400000000000002,39116,1707436,43.6
usa,1991,0.1671,0.1365,-0.03059999999999999,38791,1584399,40.800000000000004
usa,1992,0.16,0.1468,-0.01319999999999999,37143,1703954,45.800000000000004
usa,1993,0.1611,0.1415,-0.019600000000000006,37398,1642435,43.900000000000006
usa,1994,0.1617,0.1402,-0.02150000000000002,37538,1627346,43.300000000000004
usa,1995,0.1574,0.1452,-0.012200000000000016,36539,1685382,46.1
usa,1996,0.1547,0.1525,-0.0022000000000000075,35913,1770116,49.2
usa,1997,0.1524,0.16,0.007599999999999996,35379,1857171,52.400000000000006
usa,1998,0.1528,0.1632,0.01040000000000002,35471,1894314,53.400000000000006
usa,1999,0.1514,0.1676,0.016199999999999992,35146,1945386,55.300000000000004
usa,2000,0.1506,0.1734,0.022799999999999987,34961,2012709,57.5
usa,2001,0.1531,0.1659,0.012799999999999978,35541,1925654,54.1
usa,2002,0.154,0.161,0.007000000000000006,35750,1868778,52.2
usa,2003,0.1509,0.1632,0.012300000000000005,35030,1894314,54.0
usa,2004,0.1478,0.1706,0.022800000000000015,34311,1980208,57.7
usa,2005,0.1432,0.1806,0.03740000000000002,33243,2096281,63.0
usa,2006,0.1408,0.1852,0.044399999999999995,32686,2149675,65.7
usa,2007,0.1431,0.1838,0.040699999999999986,33220,2133425,64.2
usa,2008,0.1429,0.1793,0.03639999999999999,33173,2081192,62.7
usa,2009,0.1425,0.167,0.024500000000000022,33080,1938422,58.5
usa,2010,0.1387,0.1789,0.040200000000000014,32198,2076549,64.4
usa,2011,0.1356,0.1808,0.04519999999999999,31479,2098603,66.60000000000001
usa,2012,0.1315,0.1949,0.06339999999999998,30527,2262266,74.10000000000001
usa,2013,0.1345,0.1846,0.05009999999999998,31223,2142711,68.60000000000001
usa,2014,0.1314,0.1897,0.05830000000000002,30504,2201908,72.10000000000001
usa,2015,0.1321,0.1889,0.05680000000000002,30666,2192622,71.5
usa,2016,0.1295,0.1866,0.057099999999999984,30062,2165925,72.0
usa,2017,0.1348,0.1905,0.0557,31293,2211194,70.60000000000001
usa,2018,0.1334,0.1924,0.059,30968,2233248,72.10000000000001
usa,2019,0.1358,0.1904,0.05460000000000001,31525,2210033,70.10000000000001
usa,2020,0.137,0.1817,0.04469999999999999,31804,2109050,66.3
usa,2021,0.1346,0.1988,0.06420000000000001,31246,2307535,73.8
usa,2022,0.1334,0.2073,0.07390000000000002,30968,2406197,77.60000000000001
usa,2023,0.1344,0.2073,0.07290000000000002,31200,2406197,77.10000000000001
